# Colors
color_signif <- "#ffffff"
color_no_signif <- "#333333"
bground_signif <- "#2563aa" #blue
# bground_no_signif <- "#ffb7b7" #pink 
bground_no_signif <- "#ff99b1" #pink 2

scale_color_lusco <- list(
  scale_color_2 = c(
    "#ffa83d", #yellow
    "#003f5c"
  ),
  scale_color_3 = c(
    "#ffa83d", #yellow
    "#b35890",
    "#003f5c"
  ),
  scale_color_3b = c(
    "#003f5c",
    "#b35890",
    "#ffa83d" #yellow
  ),
  scale_color_4 = c(
    "#ffa83d", #yellow
    "#e4627d",
    "#775491",
    "#003f5c"
  ),
  scale_color_5 = c(
    "#ffa83d", #yellow
    "#f56e6e",
    "#b35890",
    "#585189",
    "#003f5c"
  ),
  scale_color_6 = c(
    "#ffa83d", #yellow
    "#fc7764",
    "#d35d86",
    "#905693",
    "#454f83",
    "#003f5c" # darkblue
  )
)
scale_color_terrain <- list(
  scale_color_2 = c(
    # "#ffd36e", #yellow
    "#ffa83d", #yellow
    "#003f5c"
  ),
  scale_color_3 = c(
    "#ffa83d", #yellow
    "#219679",
    "#003f5c"
  ),
  scale_color_3b = c(
    "#003f5c",
    "#219679",
    "#ffa83d" #yellow
  ),
  scale_color_4 = c(
    "#ffa83d", #yellow
    "#6cb06e",
    "#007a7c",
    "#003f5c"
  ),
  scale_color_5 = c(
    "#ffa83d", #yellow
    "#8fbb68",
    "#219679",
    "#006b79",
    "#003f5c"
  ),
  scale_color_6 = c(
    "#ffa83d", #yellow
    "#a4c166",
    "#50a672",
    "#00857c",
    "#006276",
    "#003f5c" # darkblue
  )
)
scale_color <- scale_color_lusco
